50
{"1"}
{"1000000000 1000000000 1000000000 1000000000 100000", "0000 1000000000 1000000000 1000000000 1000000000 1000000000 1000000000 1000000000 1000000000 1000000", "000000000 1000000000 1000000000 1000000000 1000000000 1000000000 1000000000 1000000000 1000000000 1000000000 1000000000 1000000000 1000000000 10000000", "000 1000000000 1000000000 1000000000 1000000000 1000000000 1000000000 1000000000 1000000000 1000000000 1000000000 1000000000 1000000000 1000000000 1000000000 1000000000 1000000000 1000000000 100000000", "00000000 1000000000 1000000000 1000000000 1000000000 1000000000 1000000000 1000000000 1000000000 1000000000 1000000000 1000000000 1000000000 1000000000 1000000000 1000000000 1000000000 1000000000 1000000000 1000000000 1000000000 1000000000 1000000000", "00 1000000000 1000000000 1000000000 1000000000 1000000000 1000000000 1000000000 1000000000 1000000000 1000000000 1000000000 1000000000 1000000000 1000000000 1000000000 1000000000 1000000000 1000000000 1000000000 1000000000 1000000000 1000000000 1000000000 1000000000 1000000000 1000000000 1000000000", "0000000 1000000000 1000000000 1000000000 1000000000 1000000000 1000000000 1000000000 1000000000 1000000000 1000000000 1000000000 1000000000 1000000000 1000000000 1000000000 1000000000 1000000000 1000000000 1000000000 1000000000 1000000000 1000000000", "0 1000000000 1000000000 1000000000 1000000000 1000000000 1000000000 1000000000 1000000000 1000000000 1000000000 1000000000 1000000000 1000000000 1000000000 1000000000 1000000000 1000000000 1000000000", "000000 1000000000 1000000000 1000000000 1000000000 1000000000 1000000000 1000000000 1000000000 1000000000 1000000000 1000000000 1000000000 1000000000", " 1000000000 1000000000 1000000000 1000000000 1000000000 1000000000 1000000000 1000000000 1000000000", "00000 1000000000 1000000000 1000000000 1000000000"}
{"1 2 3 4 5 6 7 8 9 10 11 12 13 14 15 16 17 18 19 20", " 21 22 23 24 25 26 27 28 29 30 31 32 33 34 35 36 37 38 39 40 41 42 43 44 45 46 47 48 49 50", "7 38 39 40 41 42 43 44 45 46 47 48 49 50"}
{"1 1 1 1 1 1 1 1 1 1 1 1 1 1 1 1 1 1 1 1 1 1 1 1 1 ", "1 1 1 1 1 1 1 1 1 1 1 1 1 1 1 1 1 1 1 1 1 1 1 1 1"}
{"1 2 4 8 16 32 64 128 256 512 1024 2048 4096 8192 1", "6384 32768 65536 131072 262144 524288 1048576 2097152 4194304 8388608 16777216 33554432 67108864 134", "152 4194304 8388608 16777216 33554432 67108864 134217728 268435456 536870912", "217728 268435456 536870912"}
{"1 1 2 3 5 8 13 21 34 55 89 144 233 377 610 987 159", "7 2584 4181 6765 10946 17711 28657 46368 75025 121393 196418 317811 514229 832040 1346269 2178309 35", "393 196418 317811 514229 832040 1346269 2178309 3524578 5702887 9227465 14930352 24157817 39088169 63245986 102334155 165580141 267914296 433494437 70", "24578 5702887 9227465 14930352 24157817 39088169 63245986 102334155 165580141 267914296 433494437 701408733", "3245986 102334155 165580141 267914296 433494437 701408733", "1408733"}
{"999983 999983 999983 999983 999983 999983 999983 9", "99983 999983 999983 999983 999983 999983 999983 999983 999983 999983 999983 999983 999983 999983 999", "9983 999983 999983 999983 999983 999983 999983 999983 999983 999983 999983 999983 999983 999983 999983 999983 999983 999983 999983 999983 999983 99998", "983 999983 999983 999983 999983 999983 999983 999983 999983 999983 999983 999983 999983 999983 999983 999983 999983 999983 999983 999983 999983 999983 999983 999983 999983 999983 999983 999983 999983", "83 999983 999983 999983 999983 999983 999983 999983 999983 999983 999983 999983 999983 999983 999983 999983 999983 999983 999983 999983 999983 999983", "3 999983 999983 999983 999983 999983 999983 999983 999983 999983 999983 999983 999983 999983 999983", " 999983 999983 999983 999983 999983 999983 999983"}
{"1000000000 999999999 999999998 999999997 999999996", " 999999995 999999994 999999993 999999992 999999991 999999990 999999989 999999988 999999987 999999986", " 999999990 999999989 999999988 999999987 999999986 999999985 999999984 999999983 999999982 999999981 999999980 999999979 999999978 999999977 999999976", " 999999985 999999984 999999983 999999982 999999981 999999980 999999979 999999978 999999977 999999976 999999975 999999974 999999973 999999972 999999971 999999970 999999969 999999968 999999967 999999966", " 999999980 999999979 999999978 999999977 999999976 999999975 999999974 999999973 999999972 999999971 999999970 999999969 999999968 999999967 999999966 999999965 999999964 999999963 999999962 999999961 999999960 999999959 999999958 999999957 999999956", " 999999975 999999974 999999973 999999972 999999971 999999970 999999969 999999968 999999967 999999966 999999965 999999964 999999963 999999962 999999961 999999960 999999959 999999958 999999957 999999956 999999955 999999954 999999953 999999952 999999951", " 999999970 999999969 999999968 999999967 999999966 999999965 999999964 999999963 999999962 999999961 999999960 999999959 999999958 999999957 999999956 999999955 999999954 999999953 999999952 999999951", " 999999965 999999964 999999963 999999962 999999961 999999960 999999959 999999958 999999957 999999956 999999955 999999954 999999953 999999952 999999951", " 999999960 999999959 999999958 999999957 999999956 999999955 999999954 999999953 999999952 999999951", " 999999955 999999954 999999953 999999952 999999951"}
{"817787707 67879224 342024459"}
{"720493413 643104370 983580361 875787052 89603591 6", "75652274 14915472 173303498"}
{"970270211 449426756 330896173 892006582 532556880 ", "72225543 291322901 497409232 979665152 104361292 657338606 531184857 142415587 23802879 455867204 90", "57338606 531184857 142415587 23802879 455867204 903496724 851231058 915844808 573800783 771626633 110385618 598121040 492120045 753489987 434217753 22", "3496724 851231058 915844808 573800783 771626633 110385618 598121040 492120045 753489987 434217753 220423448 843093577 109870026 87855272 16397074 778550971 910641834 318340181 109447143 802648415 8508", "0385618 598121040 492120045 753489987 434217753 220423448 843093577 109870026 87855272 16397074 778550971 910641834 318340181 109447143 802648415 850897060 34189037 946487668 200822643 866370540 903365311 858161248 250071748 898297249 734480479", "0423448 843093577 109870026 87855272 16397074 778550971 910641834 318340181 109447143 802648415 850897060 34189037 946487668 200822643 866370540 903365311 858161248 250071748 898297249 734480479", "50971 910641834 318340181 109447143 802648415 850897060 34189037 946487668 200822643 866370540 903365311 858161248 250071748 898297249 734480479", "97060 34189037 946487668 200822643 866370540 903365311 858161248 250071748 898297249 734480479", "5311 858161248 250071748 898297249 734480479"}
{"801793972 585711536 474300110"}
{"209854521 584685728 826232146 701974565 190692066 ", "112966250"}
{"33785643 222836275 862769636 902699068 853903597 6", "25927821 73555601 815867091 281092587 924452660 702572479 227580254 125275303 421459370 130945564", "2572479 227580254 125275303 421459370 130945564"}
{"671531118 881759164 570433380 82502772 536069488 8", "661268 556802882 764180593 218515788 994004961 442929090 920490352 184697026 555895339 547921068 709", "929090 920490352 184697026 555895339 547921068 70999020 778731614 263207055 826214440 485151562 889134875 899770040 301018653 170227462 824222699 3591", "99020 778731614 263207055 826214440 485151562 889134875 899770040 301018653 170227462 824222699 3591131 250324067 802014353 277566853 233785983 637967255 949097970 115545146 208400634 31600741 6516146", "34875 899770040 301018653 170227462 824222699 3591131 250324067 802014353 277566853 233785983 637967255 949097970 115545146 208400634 31600741 651614633 217061901 440919974 268311578 435577688 287441286 711240667 208584392 472138312 267136006 7565054", "131 250324067 802014353 277566853 233785983 637967255 949097970 115545146 208400634 31600741 651614633 217061901 440919974 268311578 435577688 287441286 711240667 208584392 472138312 267136006 756505459 395653683 898383971 19712514 221868122", "255 949097970 115545146 208400634 31600741 651614633 217061901 440919974 268311578 435577688 287441286 711240667 208584392 472138312 267136006 756505459 395653683 898383971 19712514 221868122", "33 217061901 440919974 268311578 435577688 287441286 711240667 208584392 472138312 267136006 756505459 395653683 898383971 19712514 221868122", "86 711240667 208584392 472138312 267136006 756505459 395653683 898383971 19712514 221868122", "59 395653683 898383971 19712514 221868122"}
{"761363740 121638161 537070536 931591201 798377212 ", "393178019 34431620 452907916 670744871 268217602 90875170 472359192 383762747 151792156 356476284 88", "0875170 472359192 383762747 151792156 356476284 887893732 368854056 797396258 156205309 656948096 84837543 867445975 865532487 409492206 987098332 474", "7893732 368854056 797396258 156205309 656948096 84837543 867445975 865532487 409492206 987098332 474554297 805145889 885482302 346783162 879530362 121534186 108146902", "837543 867445975 865532487 409492206 987098332 474554297 805145889 885482302 346783162 879530362 121534186 108146902", "554297 805145889 885482302 346783162 879530362 121534186 108146902", "534186 108146902"}
{"658604721 892254454 504578438 51782739 926686073 9", "57486353 575043961 47420026 48361523 47403152 431182773 52670030 403879436 171592856 421524085 53792", "82773 52670030 403879436 171592856 421524085 53792045 327798164 78472180 991145939 47760490 796521018 253154497 34858822 123591667 58300385", "045 327798164 78472180 991145939 47760490 796521018 253154497 34858822 123591667 58300385", "8 253154497 34858822 123591667 58300385"}
{"322891180 790347098 746908012 283554433 644031972 ", "258029085 28325239 1126761 162328175 955011311 958613114 737372136 2431337 859490988 784775287 28613", "613114 737372136 2431337 859490988 784775287 286130461 912161017 41171074 457723316 186201453 94963118 638037831 117189985 938625409 685798320", "0461 912161017 41171074 457723316 186201453 94963118 638037831 117189985 938625409 685798320", "18 638037831 117189985 938625409 685798320"}
{"191779905 573173493"}
{"102596641 198547320 212710200 892943738 945455331 ", "496264632 389492062 56000767 524589870 390618822 218328942 332117533 201748287 955701077 187065221 6", "18328942 332117533 201748287 955701077 187065221 61239274 592992715 325712033 973400290 634163789", "1239274 592992715 325712033 973400290 634163789"}
{"12118095 581643258 273989530 129308079 372785018 9", "59787849 43019080 564564922 385477694 785354452 519677914 436541365 998064651 265138004 234513047 34", "9677914 436541365 998064651 265138004 234513047 346845634 654630065 290513814 723951856 897765238 508842755 56069388 99513525 464543831 95650960 13269", "6845634 654630065 290513814 723951856 897765238 508842755 56069388 99513525 464543831 95650960 13269150 57536545 421362992 986669440 544216685 57314691 998787534 978376295 331304220 128095612 35116131", "8842755 56069388 99513525 464543831 95650960 13269150 57536545 421362992 986669440 544216685 57314691 998787534 978376295 331304220 128095612 351161312 143608420 23631043 768242586 381602465 661501846 287920499 818143829 512082848 553058502 52656876 ", "150 57536545 421362992 986669440 544216685 57314691 998787534 978376295 331304220 128095612 351161312 143608420 23631043 768242586 381602465 661501846 287920499 818143829 512082848 553058502 52656876 858928482 60204918", "1 998787534 978376295 331304220 128095612 351161312 143608420 23631043 768242586 381602465 661501846 287920499 818143829 512082848 553058502 52656876 858928482 60204918", "2 143608420 23631043 768242586 381602465 661501846 287920499 818143829 512082848 553058502 52656876 858928482 60204918", " 287920499 818143829 512082848 553058502 52656876 858928482 60204918", "858928482 60204918"}
{"435396689 957970156 852013443 343982428 910000032 ", "169073625 439633387 923269181 79126521 713512730 762454972 475859558 770827420 613758857 454235852 9", "62454972 475859558 770827420 613758857 454235852 954647991 594370820 657913515 98256410 470518215 426156100 332375227 132020060 566592951 150519055 64", "54647991 594370820 657913515 98256410 470518215 426156100 332375227 132020060 566592951 150519055 644102908 119651452 55692282 355547741 32372722 398862970 790944429 842859229 103392764 134926856 7528", "6156100 332375227 132020060 566592951 150519055 644102908 119651452 55692282 355547741 32372722 398862970 790944429 842859229 103392764 134926856 752859260 124982740 427076594 528644792", "4102908 119651452 55692282 355547741 32372722 398862970 790944429 842859229 103392764 134926856 752859260 124982740 427076594 528644792", "62970 790944429 842859229 103392764 134926856 752859260 124982740 427076594 528644792", "59260 124982740 427076594 528644792"}
{"140589323 291099764 679968818 763933094 904858620 ", "986721021 571097436 351745792 644634535 521870197 822264006", "822264006"}
{"854245423 954284065 489899937 4764478 450903324 46", "2067740 60456759 658967416 346956813 311836081 302428196 189816041 267745196 289871403 795191652 392", "428196 189816041 267745196 289871403 795191652 392727936 716947996 323836444 596837196 710053670 467452559 129322365 326503115 224827530 116043385 897", "727936 716947996 323836444 596837196 710053670 467452559 129322365 326503115 224827530 116043385 897600550 576573321 613194271 271987099 398837326 389017609 126232521 205637743 878917545 983513350 509", "452559 129322365 326503115 224827530 116043385 897600550 576573321 613194271 271987099 398837326 389017609 126232521 205637743 878917545 983513350 509057418 193501637", "600550 576573321 613194271 271987099 398837326 389017609 126232521 205637743 878917545 983513350 509057418 193501637", "017609 126232521 205637743 878917545 983513350 509057418 193501637", "057418 193501637"}
{"168024834 540458449 60838893 470453029 582790842 3", "28584088 760324432 377982493 721312023 329788779 554335288", "54335288"}
{"892358801 21787846 299987934 71378267 246615376 26", "8547670 968978817 823188696 734258293 93482267 74542374 123275901 219714787 132696468 854709798 5574", "42374 123275901 219714787 132696468 854709798 55744489 641753885 48211434 952230949 809778718", "4489 641753885 48211434 952230949 809778718"}
{"13069841 132748099 23977075 341653928 745588882 25", "4475920 62965951 75377660 808811207 86147872 820252812 683115405 386135806 891631079 929730780 50719", "2812 683115405 386135806 891631079 929730780 507199827 713126247 605435827 241458119 806608513 532494552 217250372 26323299 665191019 71960169 8206778", "9827 713126247 605435827 241458119 806608513 532494552 217250372 26323299 665191019 71960169 82067787 306944904 972687954 886815087 969239973 266390539 899884927 101988071 142883966", "4552 217250372 26323299 665191019 71960169 82067787 306944904 972687954 886815087 969239973 266390539 899884927 101988071 142883966", "7 306944904 972687954 886815087 969239973 266390539 899884927 101988071 142883966", "9 899884927 101988071 142883966"}
{"700093304 397359885 9537509 627987316 58687443 956", "85380 448240127"}
{"334337537 192387557 524049978 841537364 905513803 ", "982002157 82995482 712122315 514496708 152762205 590961966 32204079 224722373 525546104 339148982 49", "90961966 32204079 224722373 525546104 339148982 49926678 264877543 160905306 316317217 17278821 115409729 459201182 111334027 815503032 856561066 1208", "926678 264877543 160905306 316317217 17278821 115409729 459201182 111334027 815503032 856561066 120871535 443490347 767764860 69073267 744246826 362084059 403410803 936634382 886134036 97464518 842148", "09729 459201182 111334027 815503032 856561066 120871535 443490347 767764860 69073267 744246826 362084059 403410803 936634382 886134036 97464518 842148185 720652544 32976352 406786851 87665604 185738556 850265168 119869682 410460929 228327624 45901866", "71535 443490347 767764860 69073267 744246826 362084059 403410803 936634382 886134036 97464518 842148185 720652544 32976352 406786851 87665604 185738556 850265168 119869682 410460929 228327624 459018663 460387606", "4059 403410803 936634382 886134036 97464518 842148185 720652544 32976352 406786851 87665604 185738556 850265168 119869682 410460929 228327624 459018663 460387606", "185 720652544 32976352 406786851 87665604 185738556 850265168 119869682 410460929 228327624 459018663 460387606", "6 850265168 119869682 410460929 228327624 459018663 460387606", "3 460387606"}
{"619923968 776704822 510483986 735333696 88422355 6", "21818013 403353080 944983420 595205899 846843426 565264632 516795517 443606603 927348690 920206320 3", "65264632 516795517 443606603 927348690 920206320 380240985", "80240985"}
{"17670837 74905521 386651621 50647188 334208723 474", "317224 88902096 184473891 594186905 499363024 412801514 905721919 812266981 906006679 378162238 4414", "01514 905721919 812266981 906006679 378162238 441488155 269007016 113495934 529910509 890825028 369365365 327410281 338547279 68725142 892674912 85534", "88155 269007016 113495934 529910509 890825028 369365365 327410281 338547279 68725142 892674912 855342795 512331745", "65365 327410281 338547279 68725142 892674912 855342795 512331745", "2795 512331745"}
{"628065466"}
{"338539029 498252655 819994601 725190649 401416194 ", "154203323 52024224 490318289 191193565 498727480 842197664 603995078 404449398 654464645 362518108 7", "42197664 603995078 404449398 654464645 362518108 782611636 95952799 631525124 748623921 478379659 374866503 117989285 805789939 565930133 39230778 698", "82611636 95952799 631525124 748623921 478379659 374866503 117989285 805789939 565930133 39230778 698464850 273789280 551562522 371004802", "4866503 117989285 805789939 565930133 39230778 698464850 273789280 551562522 371004802", "464850 273789280 551562522 371004802"}
{"296651602 709543831 252623751 116646202 287250831 ", "506556297 123365877 191791407 996874585 314559441 690518886 691588601 918554519 94968284 198569597 1", "690518886 691588601 918554519 94968284 198569597 133588978 730096271 147038747 617630453 331236543 625418405 992496956 301742179 431208344 410943440 3", "33588978 730096271 147038747 617630453 331236543 625418405 992496956 301742179 431208344 410943440 340972956 982189545 684732719 892535478 205710699 439103816 41703431 915254529 691727566 158349633 55", "25418405 992496956 301742179 431208344 410943440 340972956 982189545 684732719 892535478 205710699 439103816 41703431 915254529 691727566 158349633 55021711 50800214 281715509 246813117 47674799 596274949 937332003 591779751 367345819 884816638", "40972956 982189545 684732719 892535478 205710699 439103816 41703431 915254529 691727566 158349633 55021711 50800214 281715509 246813117 47674799 596274949 937332003 591779751 367345819 884816638", "39103816 41703431 915254529 691727566 158349633 55021711 50800214 281715509 246813117 47674799 596274949 937332003 591779751 367345819 884816638", "021711 50800214 281715509 246813117 47674799 596274949 937332003 591779751 367345819 884816638", "4949 937332003 591779751 367345819 884816638"}
{"353451149 467429260 937388093 971081601 651182154 ", "562806497 816094908 952924332 846531192 227038348 146413639 828720737 911771066 891465468 34431435 2", "146413639 828720737 911771066 891465468 34431435 203391233 933168899 802202315 895118799 91518531 709740377 945919012 225750391 956553494 846110162 67", "03391233 933168899 802202315 895118799 91518531 709740377 945919012 225750391 956553494 846110162 674541691 746401848 290406264 41887510 483734837 80755610 247855010 803680448 18143702 218936610 45486", "9740377 945919012 225750391 956553494 846110162 674541691 746401848 290406264 41887510 483734837 80755610 247855010 803680448 18143702 218936610 454862601 433466551 35031518 260303284 132514094 114586217 259233274 961234830 878873634 150698742 848182", "4541691 746401848 290406264 41887510 483734837 80755610 247855010 803680448 18143702 218936610 454862601 433466551 35031518 260303284 132514094 114586217 259233274 961234830 878873634 150698742 848182616 82264867", "55610 247855010 803680448 18143702 218936610 454862601 433466551 35031518 260303284 132514094 114586217 259233274 961234830 878873634 150698742 848182616 82264867", "2601 433466551 35031518 260303284 132514094 114586217 259233274 961234830 878873634 150698742 848182616 82264867", "217 259233274 961234830 878873634 150698742 848182616 82264867", "616 82264867"}
{"502901282 829900017 27902522 65158011 628335380 10", "6169264 21711504 326961894 780710954 620629703 617368157 675114815 956880891 698123767 922969824 760", "368157 675114815 956880891 698123767 922969824 760561338 568783820 994422786 67940290 854766722 881970655 180759925 987280816 996556871 439993198 8010", "561338 568783820 994422786 67940290 854766722 881970655 180759925 987280816 996556871 439993198 801031997 727946856 590691939 501730965 810211722 527075930 4632246 492628090 407494803 69790256 1209634", "70655 180759925 987280816 996556871 439993198 801031997 727946856 590691939 501730965 810211722 527075930 4632246 492628090 407494803 69790256 120963470 366180418 944018111 447925363 146891372", "31997 727946856 590691939 501730965 810211722 527075930 4632246 492628090 407494803 69790256 120963470 366180418 944018111 447925363 146891372", "75930 4632246 492628090 407494803 69790256 120963470 366180418 944018111 447925363 146891372", "70 366180418 944018111 447925363 146891372"}
{"65293519 674522538 226561407 615933637 450008714 9", "87122744 37233809 296947851 907579385 892000530 178918505 88339309 731797697 27991727 528332507", "8918505 88339309 731797697 27991727 528332507"}
{"755938582 971540797 34560658 418666656 351133079 8", "91709255 911294745 758627881 814015863 884774566 124808299 610550325 185216280 124216022 880230842 1", "24808299 610550325 185216280 124216022 880230842 103026151 651254911 106792248 718959787 953779976 946431344 608709947 250727826 854010728 353226829 2", "03026151 651254911 106792248 718959787 953779976 946431344 608709947 250727826 854010728 353226829 282162682 794866389 85024525 310154408 175715247 470370570 918609342 147256043 357447579 189792349 49", "46431344 608709947 250727826 854010728 353226829 282162682 794866389 85024525 310154408 175715247 470370570 918609342 147256043 357447579 189792349 498389121 101673186 101087093 109533354 915689048 838378011 86858004 378755724 23594290", "82162682 794866389 85024525 310154408 175715247 470370570 918609342 147256043 357447579 189792349 498389121 101673186 101087093 109533354 915689048 838378011 86858004 378755724 23594290", "0370570 918609342 147256043 357447579 189792349 498389121 101673186 101087093 109533354 915689048 838378011 86858004 378755724 23594290", "8389121 101673186 101087093 109533354 915689048 838378011 86858004 378755724 23594290", "8378011 86858004 378755724 23594290"}
{"111502917 126620440 567361639 218295165 698096579 ", "521141615 17242860 306806525 624385792 871253587 660033353 906548474 518636327 597574230 69219233 69", "60033353 906548474 518636327 597574230 69219233 694351573 67944799 987828574 841607616 425392378 177620922 192513088 527065563 131224367 154562793 295", "4351573 67944799 987828574 841607616 425392378 177620922 192513088 527065563 131224367 154562793 295270962 969602377", "620922 192513088 527065563 131224367 154562793 295270962 969602377", "270962 969602377"}
{"526543037 845713018 157527524 638045954 972333458 ", "724889163 856341118 522946388 98547129 873583977 829752912 722932920 597353915 342302617 629481393 1", "29752912 722932920 597353915 342302617 629481393 115990242 939876846 698700626 662858166 860337996 539045551 356982133 138246725 716666473 549495221 6", "15990242 939876846 698700626 662858166 860337996 539045551 356982133 138246725 716666473 549495221 665312287 700407191 704058013 813099600 522525919 797995161 339642637 368238936 955522684 977688590 1", "39045551 356982133 138246725 716666473 549495221 665312287 700407191 704058013 813099600 522525919 797995161 339642637 368238936 955522684 977688590 193088745 680411846 686546059 716035132 778958974 412646387 398304396 354408246 862516653 593123364 9", "65312287 700407191 704058013 813099600 522525919 797995161 339642637 368238936 955522684 977688590 193088745 680411846 686546059 716035132 778958974 412646387 398304396 354408246 862516653 593123364 983889638", "97995161 339642637 368238936 955522684 977688590 193088745 680411846 686546059 716035132 778958974 412646387 398304396 354408246 862516653 593123364 983889638", "93088745 680411846 686546059 716035132 778958974 412646387 398304396 354408246 862516653 593123364 983889638", "12646387 398304396 354408246 862516653 593123364 983889638", "83889638"}
{"385516561 535106615 493881412 245854556 74152166 8", "50863544 384101281 643334990 252875116 901929919 196258532 809449481 715029519 718784450 607444641 9", "96258532 809449481 715029519 718784450 607444641 907188507 87023385 415483676 737393448 132628482 95895522 276455858 701179965 727370847 689102244 994", "07188507 87023385 415483676 737393448 132628482 95895522 276455858 701179965 727370847 689102244 99484360 81779092 404135248 545124075 918185082 235158494 930640635 305808048 581556257 29011543 232476", "895522 276455858 701179965 727370847 689102244 99484360 81779092 404135248 545124075 918185082 235158494 930640635 305808048 581556257 29011543 232476565 284936152 413112823 728327906 537811268 167559093 924586437 199777100 882588611 643370886 807221", "84360 81779092 404135248 545124075 918185082 235158494 930640635 305808048 581556257 29011543 232476565 284936152 413112823 728327906 537811268 167559093 924586437 199777100 882588611 643370886 807221740", "8494 930640635 305808048 581556257 29011543 232476565 284936152 413112823 728327906 537811268 167559093 924586437 199777100 882588611 643370886 807221740", "565 284936152 413112823 728327906 537811268 167559093 924586437 199777100 882588611 643370886 807221740", "093 924586437 199777100 882588611 643370886 807221740", "740"}
{"582910623 75221767 379686916 568055456 23633640 65", "6142773 269235420 751004487 197761368 221236132 685299930 601896616 766360206 456001363 689571461 54", "5299930 601896616 766360206 456001363 689571461 549517193 614325763 271127717 578528735", "9517193 614325763 271127717 578528735"}
{"556063868 991641557 427646585 946391487 11717001 3", "52233021 146168586 894305612 848120259 805906677 389115432 283547233 881128444 768802348 851602688 9", "89115432 283547233 881128444 768802348 851602688 904762083 277461472 120838107 508282921 327739192 194590590 46099203 929635807 813467148 502100565 47", "04762083 277461472 120838107 508282921 327739192 194590590 46099203 929635807 813467148 502100565 471723619 362984340", "94590590 46099203 929635807 813467148 502100565 471723619 362984340", "1723619 362984340"}
{"742851335 941513074 815745006 151431554 785670982 ", "95907942 97823041 797387982 448140962 96507978 544209945 148777572 902414655 933325377 432324804 636", "209945 148777572 902414655 933325377 432324804 636059450 554644076 283927491 540821532 684621899 257281950 49104453 12361090 304388891 95203655 794513", "059450 554644076 283927491 540821532 684621899 257281950 49104453 12361090 304388891 95203655 794513248 117856038", "281950 49104453 12361090 304388891 95203655 794513248 117856038", "248 117856038"}
{"266236866 333356729 418763250 861604552 127386154 ", "87024607 13036106 913057135 182932548 963375498 562961469 483589861 912399827 959687765 632367433 66", "2961469 483589861 912399827 959687765 632367433 667330833 745529493 64692236 303390282 152689920 201136079", "7330833 745529493 64692236 303390282 152689920 201136079", "136079"}
{"837311819 458418028 598348970 849672908 762806918 ", "546068976 496702508 733179308 995889546 762939373 66536036 267169147 477060277 193922190 206710105 3", "66536036 267169147 477060277 193922190 206710105 342612734", "42612734"}
{"389642652 158504583 374973496 873232513 70904409 3", "34661261 358116297 738235242 80190753 422808532 894141875 85397025 623944610 590870040 922708843 934", "4141875 85397025 623944610 590870040 922708843 934878989 41735361 624898102 550202259 587804336 121600609 283381566 436210234 737056334 202433953 7033", "878989 41735361 624898102 550202259 587804336 121600609 283381566 436210234 737056334 202433953 703379380", "00609 283381566 436210234 737056334 202433953 703379380", "79380"}
{"396356142 910089485 556729343 208368170 152248488 ", "715233925 583341665 877997352 638654685 918002925"}
{"229406278 850710030 511438532 123548153 936107054 ", "135383141 566934544 711332248 922778482 608669905 336230349 472980740 196474240 310347310 608878657 ", "336230349 472980740 196474240 310347310 608878657 632684473 47403643 811312609 188580205 114036604 60185103 951186041 670765946 268553272 103434528 23", "632684473 47403643 811312609 188580205 114036604 60185103 951186041 670765946 268553272 103434528 238516222 851894936 833948232 877170906 622414213 70061879 106577184 325640594 434016762 82641688 1142", "0185103 951186041 670765946 268553272 103434528 238516222 851894936 833948232 877170906 622414213 70061879 106577184 325640594 434016762 82641688 114263999 421916255 649576231 825596246 344694736 110762487 14342946 670191827 307236727 324690255 27907", "8516222 851894936 833948232 877170906 622414213 70061879 106577184 325640594 434016762 82641688 114263999 421916255 649576231 825596246 344694736 110762487 14342946 670191827 307236727 324690255 279070483 792437551 372093897", "061879 106577184 325640594 434016762 82641688 114263999 421916255 649576231 825596246 344694736 110762487 14342946 670191827 307236727 324690255 279070483 792437551 372093897", "63999 421916255 649576231 825596246 344694736 110762487 14342946 670191827 307236727 324690255 279070483 792437551 372093897", "62487 14342946 670191827 307236727 324690255 279070483 792437551 372093897", "0483 792437551 372093897"}
{"981017755 486130500 3084545 784720147 9412797 2716", "37816 740671027 100445370 123532752 574619258 977616276 745946964 497197488 936709811 71587557 93121", "16276 745946964 497197488 936709811 71587557 931214250 871867850 38367907 205646856 373960432 863964152 550341591 484722919 878307097 73049769 7919596", "4250 871867850 38367907 205646856 373960432 863964152 550341591 484722919 878307097 73049769 791959645 202997352 352120251 436913547 427607600 295019693 270447654 913738100 298104238 55167800 77566724", "152 550341591 484722919 878307097 73049769 791959645 202997352 352120251 436913547 427607600 295019693 270447654 913738100 298104238 55167800 775667248 569742053 795838826 876112618 545791156 222974435", "45 202997352 352120251 436913547 427607600 295019693 270447654 913738100 298104238 55167800 775667248 569742053 795838826 876112618 545791156 222974435", "93 270447654 913738100 298104238 55167800 775667248 569742053 795838826 876112618 545791156 222974435", "8 569742053 795838826 876112618 545791156 222974435", "5"}
