30
{1, 2}
{1, 2, 3, 4, 5, 6, 7, 8, 9, 10, 11, 12, 13, 14, 15, 16, 17, 18, 19, 20, 21, 22, 23, 24, 25, 26, 27, 28, 29, 30, 31, 32, 33, 34, 35, 36, 37, 38, 39, 40, 41, 42, 43, 44, 45, 46, 47, 48, 49, 50}
{100000000, 99999999, 99999998, 99999997, 99999996, 99999995, 99999994, 99999993, 99999992, 99999991, 99999990, 99999989, 99999988, 99999987, 99999986, 99999985, 99999984, 99999983, 99999982, 99999981, 99999980, 99999979, 99999978, 99999977, 99999976, 99999975, 99999974, 99999973, 99999972, 99999971, 99999970, 99999969, 99999968, 99999967, 99999966, 99999965, 99999964, 99999963, 99999962, 99999961, 99999960, 99999959, 99999958, 99999957, 99999956, 99999955, 99999954, 99999953, 99999952, 99999951}
{1, 2, 4, 8, 16, 32, 64, 128, 256, 512, 1024, 2048, 4096, 8192, 16384, 32768, 65536, 131072, 262144, 524288, 1048576, 2097152, 4194304, 8388608, 16777216, 33554432, 67108864}
{1, 2, 3, 5, 8, 13, 21, 34, 55, 89, 144, 233, 377, 610, 987, 1597, 2584, 4181, 6765, 10946, 17711, 28657, 46368, 75025, 121393, 196418, 317811, 514229, 832040, 1346269, 2178309, 3524578, 5702887, 9227465, 14930352, 24157817, 39088169, 63245986}
{1, 3, 4, 7, 11, 18, 29, 47, 76, 123, 199, 322, 521, 843, 1364, 2207, 3571, 5778, 9349, 15127, 24476, 39603, 64079, 103682, 167761, 271443, 439204, 710647, 1149851, 1860498, 3010349, 4870847, 7881196, 12752043, 20633239, 33385282, 54018521, 87403803}
{2, 3, 5, 7, 11, 13, 17, 19, 23, 29, 31, 37, 41, 43, 47, 53, 59, 61, 67, 71, 73, 79, 83, 89, 97, 101, 103, 107, 109, 113, 127, 131, 137, 139, 149, 151, 157, 163, 167, 173, 179, 181, 191, 193, 197, 199, 211, 223, 227, 229}
{999221, 999233, 999239, 999269, 999287, 999307, 999329, 999331, 999359, 999371, 999377, 999389, 999431, 999433, 999437, 999451, 999491, 999499, 999521, 999529, 999541, 999553, 999563, 999599, 999611, 999613, 999623, 999631, 999653, 999667, 999671, 999683, 999721, 999727, 999749, 999763, 999769, 999773, 999809, 999853, 999863, 999883, 999907, 999917, 999931, 999953, 999959, 999961, 999979, 999983}
{1, 2, 3, 5, 8, 13, 21, 34, 35, 39, 43, 82, 125, 207, 332, 539, 871, 1410, 2281, 3691, 5972, 9663, 15635, 25298, 40933, 66231, 107164, 173395, 280559, 453954, 734513, 1188467, 1922980, 3111447, 5034427, 8145874, 13180301, 21326175, 34506476, 55832651, 90339127}
{1, 7, 8, 38, 61, 259, 353, 16454, 69700, 295254, 99999, 56, 8901, 23}
{2673, 57, 906366, 22, 37, 17, 631, 7369}
{29028664, 1, 7, 6, 13, 46969365, 75998029}
{6, 10, 110, 178, 288, 466, 488, 3319, 8688, 22745, 31024085, 81222109, 4293773, 28173411, 55373465, 40127829, 74037967, 45681459, 6552879, 50558315, 43377819, 40465433, 3622683, 7550435, 17955938, 71566435, 75126281, 7025751, 98027908, 11132314, 92620874, 24845592, 91931418, 92947082, 45211647, 44831442, 8268768, 51176614, 23049707, 82962352, 178377, 76991858, 23714912, 4472149, 5165268, 79088376, 97116330, 31719587, 24769834, 3669208}
{12, 42, 111, 471, 762, 1233, 1995, 3228, 41669, 67422, 109091, 1209838, 91963604, 82277901, 20664005, 44134641, 38416936, 28214439, 62090578, 62499722, 3340720, 69116328, 60527629, 66989385, 61737201, 85373220, 58920802, 7200634, 30584866, 56268596, 15469401, 34277832, 79318302, 50948104, 34456208, 56310160, 74663016, 91444708, 13991779, 6267743, 88561037, 45711365, 31037577, 44746597}
{13, 512, 17681, 28602, 38849, 62859, 52990063, 85739723, 80505618, 4217933, 88881237, 71438905, 32432371, 3488166, 33938626, 88289442, 72604493, 94466254, 7795179, 86858045, 32355826, 66715980, 94058678, 62940691, 75500927, 62044431, 97218522, 54819229, 12992534, 84191081, 63645740, 40171901, 28152141, 30153870}
{1024, 2049, 3074, 5123, 21517, 34837, 56354, 91191, 113031, 295919, 774726, 1253533, 3281792, 5310051, 13901894, 22493737, 95284999, 46439644, 69229529, 28381587, 29993572, 13976125, 8887204, 34211504, 2857361, 32842460, 19160226, 58861878, 66781085, 7449668, 31466370, 13763690, 15244846, 70840766, 46119515, 34477177, 17415796, 61576558, 9978104, 31976578, 58795079, 17313684, 97485463, 95502512, 33475775, 37657364, 23654652, 63629644, 36613359, 45400532}
{104, 77, 181, 258, 439, 704, 1139, 1843, 2982, 4825, 451, 730, 1181, 1911, 3092, 5003}
{10, 11, 32, 138, 223, 584, 1529, 2474, 4003, 16957, 27437, 44394, 304281, 74528, 5460101, 8834629, 14294730, 23129359, 37424089, 60553448, 92011230, 66606930, 59376657, 53414785, 53334785, 14750369, 86257244, 72495010, 73612247, 5554680, 32461029, 57594968, 71834722, 222226, 28435734, 17954236, 34699403, 45851529, 32047145, 97193858, 30344458, 90842224, 67023893, 27829920, 38861087, 499667, 65487283, 15032090, 16645662, 2100641}
{102085, 165177, 267262, 432439, 699701, 1132140, 1831841, 2963981, 4795822, 7759803, 12555625, 20315428, 32871053, 53186481, 86057534, 7, 110, 117, 227, 344, 571, 915, 1486, 2401, 3887, 60432621, 8656892, 21223922, 72325629, 14588028, 27075058, 87075998, 845272, 99570068, 13204596, 58916303, 84547448, 70799563, 30751024, 84769674, 99235296, 1221612, 71985428, 97603176, 33268756, 69179285, 27947633, 24110979, 36203177}
{1, 9, 10, 19, 29, 48, 77, 125, 202, 327, 529, 856, 1385, 2241, 3626, 5867, 9493, 15360, 24853, 40213, 65066, 79206, 128158, 207364, 335522, 542886, 878408, 1421294, 2299702, 3720996, 8293905, 15488417, 89219195, 26297539, 30520506, 5864856, 80914532, 43469479, 67038099, 2138453, 15795107, 81626127, 29213511, 2871104, 34987750, 81299930, 16075699, 93904052, 18363729, 39391614}
{3133402, 38626909, 25876687, 27635181, 88746437, 59145442, 49330817, 69210421, 35772773, 38050345, 30020677, 3777541, 27269539, 56318216, 34298047, 33134395, 37232747, 30283877, 172493, 39371199}
{34314971, 21101061, 1466439, 69302720, 54917342, 70058489, 63206772, 25797423, 9450102, 40378199, 28930824, 593363, 18771237, 9082357, 41856151, 77916678, 58413173, 11066571, 66205802, 96463518, 41087248, 69983343, 76249408, 49921815, 56797741, 61900154, 87154561, 87081617, 14588999, 79042111, 85676951, 48903969, 52659524, 87143389}
{7576865, 57201878, 33929812, 33374287, 66651979, 74308010, 14821463, 19761693, 93079246, 23903819, 61617843, 23512275, 34833343, 25200766, 42234429, 83813212, 18804365, 64734123, 60062620, 68726179, 74048215, 21962773, 55880739, 13646183, 36551771, 34922849, 99323133, 85455740, 40098724, 38982874, 56178780, 191941, 48701103, 90108591, 86082579, 15353081, 16932952, 904041, 87631126, 62528549, 77324211, 49248968, 38557175, 64673906, 74449733, 80791603, 48487117, 93254097, 98042077}
{61980275, 72090291, 30512509, 17861013, 85736473, 19580631, 5300214, 85059606, 57552722, 45398937, 24042479, 13731501, 45590877, 72743581, 56356443, 31673456, 40613013}
{85093848, 80760490, 40850646, 14934411, 30009458, 79407821, 79608316, 4459190, 12715775, 80611784, 97713287, 63274204, 89161520, 12209913, 35364494, 72190380, 82587278, 21100967, 44287362, 87887491, 58676924, 1840084, 85802779, 35235754, 68087936, 83910008, 60495686, 76960731, 68099815, 53625050, 2766476, 5710014, 34385540, 43617122, 73160776, 64394997, 75541294, 5285443, 68854186, 40773420}
{19083824, 4047623, 27575098, 31293737, 39412117, 99765477, 13881014, 13029435, 96569190, 54284856, 71706358, 98409273, 92603986, 6942111, 66497209, 76513993, 19954148, 43457939, 97130159, 73579197, 98740766, 2840173, 7964736, 94874239, 76000948, 24876084, 22931884, 81286391, 93730270, 63705304}
{65330445, 20269278, 47275066, 49140533, 12197746, 99556894, 15537898, 25227180, 96126083, 69822753, 49449889, 47051708, 62426739, 8908351, 13548916, 91457083, 28862498, 9523206, 41103594, 2441695, 60780323, 43943766, 62922782, 55654562, 72461065, 87798866, 78586445, 6263807, 34045487, 94808100, 25963775, 99375931, 15077378, 25755192, 1032816, 27275123, 25312085, 16570713, 5018655, 73954520, 86393466}
{21006227, 1336556, 63376894, 87071494, 45309990, 44755743, 49111051, 86413583, 99713789, 9891373, 82873700, 62636571, 18062286, 7851117, 50435436, 49165083, 14114923, 36997274, 43973182, 92595050, 88889556, 11566911, 70866593, 89922371, 91358386, 48695030, 6493084, 96377040, 22649549, 92886549, 3361934, 43655775, 46739456, 19255179, 30727268, 92049445, 16527274, 79838318, 30979380, 16241062, 42246042}
{78877632, 60308328, 21704195, 81829419, 9473410, 88335470, 18826692, 53446591, 33446871, 7716248, 17529854, 56829815, 50154970, 8888239, 5524844, 56648053, 57781630, 28174392, 2050953, 13659915, 24346518, 48790408, 85431446, 55073785}
{1958719, 87428454, 24335584, 18199780, 29674496, 90705014, 49593764, 89982823, 64925561, 31423182, 99456232, 5777382, 2766226, 5419174, 39224252, 62998825, 75465379, 48570418, 13153794, 36869969, 54095262, 69801847, 47167950, 34786005, 71852799, 60827865, 59132523, 73159559, 46259310, 14206307, 19032115}
