95
1
1
1000000000000000000
50
14
7
7
14
15
15
97
23
23
97
1
20
1
50
2
7
93
14
6
2
8473
3
40059
37
858756
14
3325264
2
99726960
20
405046580
2
6709199525
13
92774141998
29
912490109202
3
5073951506241
6
64433690240928
2
173767058179049
35
7737496696886829
26
95549062400722057
33
319690881584892264
30
4
1
10
12
991
23
3130
4
6998
14
884994
21
5615879
13
93750616
13
667860488
3
5707439769
1
64272166814
14
477986576516
11
4606736991870
9
60881169868247
4
392598014505174
12
1429671065610848
13
34533278621946847
31
245299575173742828
14
427783988761240522
47
482273829627639113
4
227091392807824344
19
927736909704583337
10
476282457179118177
35
127572008851308845
5
124918559510750750
16
732591068249655412
22
668126003465555919
8
423953064949530647
15
721181777663307639
46
955361208302576247
37
776066125740417664
16
282399450093718453
30
793663430571841969
6
116764009883140394
42
90403892428491992
37
490189236877093361
48
655845410602572598
43
781804787448477614
49
720343730613591728
7
993293851500934210
9
140402649375493885
50
196693153802145406
11
756378842767465288
21
571702284006185944
44
829124358688175621
43
410293588970904228
29
850011684922242067
37
782811923016652338
46
783877770011034090
23
727737286228695814
16
649920229735208654
28
777517989043429657
29
814895441298133647
30
14963006823662992
16
505292692323842888
42
410803061604391380
25
17341098467994024
36
216404853972400785
37
208575354064882855
38
715034367818813278
38
467771077419410734
21
19479558867415190
6
875931307701255497
18
830789743755355385
20
554074811793238223
45
912818363093652897
37
173837593383949663
40
216349954416444224
50
